function cm_data=GIST_heat(m)

cm =[...
     0     0     0
     1     0     0
     1     0     0
     2     0     0
     2     0     0
     4     0     0
     4     0     0
     5     0     0
     5     0     0
     7     0     0
     7     0     0
     8     0     0
     8     0     0
    10     0     0
    10     0     0
    11     0     0
    11     0     0
    13     0     0
    13     0     0
    15     0     0
    15     0     0
    17     0     0
    17     0     0
    18     0     0
    18     0     0
    20     0     0
    20     0     0
    21     0     0
    21     0     0
    23     0     0
    23     0     0
    24     0     0
    24     0     0
    26     0     0
    26     0     0
    27     0     0
    27     0     0
    28     0     0
    28     0     0
    30     0     0
    30     0     0
    31     0     0
    31     0     0
    33     0     0
    33     0     0
    34     0     0
    34     0     0
    36     0     0
    36     0     0
    37     0     0
    37     0     0
    39     0     0
    39     0     0
    40     0     0
    40     0     0
    42     0     0
    42     0     0
    43     0     0
    43     0     0
    46     0     0
    46     0     0
    47     0     0
    47     0     0
    49     0     0
    49     0     0
    50     0     0
    50     0     0
    52     0     0
    52     0     0
    53     0     0
    53     0     0
    55     0     0
    55     0     0
    56     0     0
    56     0     0
    57     0     0
    57     0     0
    59     0     0
    59     0     0
    60     0     0
    60     0     0
    62     0     0
    62     0     0
    63     0     0
    63     0     0
    65     0     0
    65     0     0
    66     0     0
    66     0     0
    68     0     0
    68     0     0
    69     0     0
    69     0     0
    70     0     0
    70     0     0
    72     0     0
    72     0     0
    73     0     0
    73     0     0
    76     0     0
    76     0     0
    78     0     0
    78     0     0
    79     0     0
    79     0     0
    81     0     0
    81     0     0
    82     0     0
    82     0     0
    84     0     0
    84     0     0
    85     0     0
    85     0     0
    86     0     0
    86     0     0
    88     0     0
    88     0     0
    89     0     0
    89     0     0
    92     0     0
    92     0     0
    94     0     0
    94     0     0
    95     0     0
    95     0     0
    97     0     0
    97     0     0
    98     0     0
    98     0     0
    99     0     0
    99     0     0
   101     0     0
   101     0     0
   102     0     0
   102     0     0
   104     0     0
   104     0     0
   105     0     0
   105     0     0
   108     0     0
   108     0     0
   110     0     0
   110     0     0
   111     0     0
   111     0     0
   113     0     0
   113     0     0
   114     0     0
   114     0     0
   115     0     0
   115     0     0
   117     0     0
   117     0     0
   118     0     0
   118     0     0
   120     0     0
   120     0     0
   121     0     0
   121     0     0
   123     0     0
   123     0     0
   124     0     0
   124     0     0
   126     0     0
   126     0     0
   127     0     0
   127     0     0
   128     0     0
   128     0     0
   130     0     0
   130     0     0
   131     0     0
   131     0     0
   133     0     0
   133     0     0
   134     0     0
   134     0     0
   136     0     0
   136     0     0
   139     0     0
   139     0     0
   140     0     0
   140     0     0
   141     0     0
   141     0     0
   143     0     0
   143     0     0
   144     0     0
   144     0     0
   146     0     0
   146     0     0
   147     0     0
   147     0     0
   149     0     0
   149     0     0
   150     0     0
   150     0     0
   152     0     0
   152     0     0
   153     0     0
   153     0     0
   155     0     0
   155     0     0
   156     0     0
   156     0     0
   157     0     0
   157     0     0
   159     0     0
   159     0     0
   160     0     0
   160     0     0
   162     0     0
   162     0     0
   163     0     0
   163     0     0
   165     0     0
   165     0     0
   166     0     0
   166     0     0
   169     0     0
   169     0     0
   170     0     0
   170     0     0
   172     0     0
   172     0     0
   173     0     0
   173     0     0
   175     1     0
   175     1     0
   176     3     0
   176     3     0
   178     5     0
   178     5     0
   179     7     0
   179     7     0
   181     9     0
   181     9     0
   182    11     0
   182    11     0
   185    15     0
   185    15     0
   186    17     0
   186    17     0
   188    18     0
   188    18     0
   189    20     0
   189    20     0
   191    22     0
   191    22     0
   192    24     0
   192    24     0
   194    26     0
   194    26     0
   195    28     0
   195    28     0
   197    30     0
   197    30     0
   198    32     0
   198    32     0
   201    35     0
   201    35     0
   202    37     0
   202    37     0
   204    39     0
   204    39     0
   205    41     0
   205    41     0
   207    43     0
   207    43     0
   208    45     0
   208    45     0
   210    47     0
   210    47     0
   211    49     0
   211    49     0
   212    51     0
   212    51     0
   214    52     0
   214    52     0
   215    54     0
   215    54     0
   217    56     0
   217    56     0
   218    58     0
   218    58     0
   220    60     0
   220    60     0
   221    62     0
   221    62     0
   223    64     0
   223    64     0
   224    66     0
   224    66     0
   226    68     0
   226    68     0
   227    69     0
   227    69     0
   228    71     0
   228    71     0
   231    75     0
   231    75     0
   233    77     0
   233    77     0
   234    79     0
   234    79     0
   236    81     0
   236    81     0
   237    83     0
   237    83     0
   239    85     0
   239    85     0
   240    86     0
   240    86     0
   241    88     0
   241    88     0
   243    90     0
   243    90     0
   244    92     0
   244    92     0
   246    94     0
   246    94     0
   247    96     0
   247    96     0
   249    98     0
   249    98     0
   250   100     0
   250   100     0
   252   102     0
   252   102     0
   253   103     0
   253   103     0
   255   105     0
   255   105     0
   255   107     0
   255   107     0
   255   109     0
   255   109     0
   255   111     0
   255   111     0
   255   115     0
   255   115     0
   255   117     0
   255   117     0
   255   119     0
   255   119     0
   255   120     0
   255   120     0
   255   122     0
   255   122     0
   255   124     0
   255   124     0
   255   126     0
   255   126     0
   255   128     0
   255   128     0
   255   130     0
   255   130     0
   255   132     0
   255   132     0
   255   136     7
   255   136     7
   255   137    11
   255   137    11
   255   139    15
   255   139    15
   255   141    19
   255   141    19
   255   143    23
   255   143    23
   255   145    27
   255   145    27
   255   147    31
   255   147    31
   255   149    35
   255   149    35
   255   151    39
   255   151    39
   255   153    43
   255   153    43
   255   156    51
   255   156    51
   255   158    54
   255   158    54
   255   160    58
   255   160    58
   255   162    62
   255   162    62
   255   164    66
   255   164    66
   255   166    70
   255   166    70
   255   168    74
   255   168    74
   255   170    78
   255   170    78
   255   171    82
   255   171    82
